0 0.437164 0.592844 0.032422 0.191229
0 0.464016 0.602000 0.039031 0.189500
0 0.497938 0.605323 0.028094 0.196313
0 0.566578 0.643646 0.045500 0.192958
0 0.591172 0.603500 0.020656 0.137792
0 0.819602 0.635219 0.045359 0.186271
0 0.415797 0.747854 0.126750 0.134167
0 0.528758 0.618385 0.038391 0.200354
0 0.522609 0.548854 0.018031 0.096125
0 0.630477 0.597167 0.025422 0.107875
0 0.452922 0.759458 0.131969 0.142958
0 0.652742 0.621167 0.041203 0.149625
0 0.609734 0.625979 0.046750 0.140250
0 0.552344 0.515625 0.170313 0.097917