0 0.235508 0.131944 0.016703 0.074239
0 0.248391 0.129637 0.016219 0.074778
0 0.258391 0.129297 0.014344 0.074660
0 0.270852 0.128115 0.013703 0.072670
0 0.283477 0.139192 0.011891 0.042974
0 0.305453 0.137471 0.012719 0.047869
0 0.317273 0.136218 0.011953 0.047002
0 0.329594 0.135703 0.012625 0.045410
0 0.272070 0.213770 0.015828 0.051850
0 0.291914 0.139239 0.010922 0.043443
0 0.294094 0.212939 0.013312 0.051077
0 0.345977 0.203302 0.009016 0.020890
0 0.342250 0.135749 0.013781 0.048735
0 0.250781 0.257611 0.032813 0.135831