0 0.167508 0.504302 0.024797 0.081771
0 0.144289 0.506708 0.024328 0.083083
0 0.033406 0.513437 0.019062 0.080000
0 0.084281 0.511531 0.017313 0.082062
0 0.089594 0.668208 0.019375 0.095125
0 0.060039 0.513937 0.020266 0.083542
0 0.111656 0.508333 0.019187 0.080333
0 0.169422 0.396115 0.020156 0.062396
0 0.150555 0.396063 0.017984 0.058542
0 0.083086 0.402312 0.020203 0.056833
0 0.169016 0.293979 0.017688 0.058000
0 0.111867 0.400479 0.014672 0.057625
0 0.151391 0.296333 0.012063 0.063542
0 0.109469 0.302354 0.017156 0.071167
0 0.079688 0.500000 0.137500 0.475000