0 0.241305 0.917388 0.042766 0.165224
0 0.203641 0.891165 0.035969 0.124824
0 0.280727 0.912741 0.047328 0.173859
0 0.394531 0.906471 0.048438 0.160000
0 0.432359 0.911118 0.032719 0.177765
0 0.082398 0.498906 0.043516 0.200682
0 0.079273 0.963635 0.041453 0.072729
0 0.037383 0.502482 0.047109 0.198659
0 0.456250 0.490588 0.062500 0.181176
0 0.429531 0.694635 0.061125 0.128612
0 0.469023 0.906635 0.040422 0.186682
0 0.126062 0.529388 0.042781 0.138306
0 0.315789 0.904718 0.040547 0.187694
0 0.255469 0.695294 0.510938 0.604706