0 0.159938 0.258104 0.018125 0.073167
0 0.238930 0.251833 0.008734 0.028333
0 0.045078 0.435312 0.020406 0.070208
0 0.105992 0.400771 0.006984 0.023708
0 0.125187 0.361031 0.021250 0.092479
0 0.097266 0.381885 0.022656 0.047396
0 0.163086 0.356313 0.020047 0.090125
0 0.068633 0.378438 0.018672 0.047625
0 0.019586 0.257417 0.025891 0.088208
0 0.183547 0.270677 0.014156 0.042646
0 0.147633 0.316792 0.024766 0.051625
0 0.079273 0.327604 0.035672 0.073625
0 0.144641 0.358812 0.021406 0.088083
0 0.303906 0.242708 0.604688 0.485417