0 0.661750 0.128173 0.022594 0.107447
0 0.628039 0.123794 0.019391 0.112834
0 0.601477 0.125948 0.025766 0.110398
0 0.566992 0.124660 0.020016 0.109508
0 0.536070 0.124098 0.025078 0.110960
0 0.745758 0.281920 0.019141 0.119953
0 0.760687 0.132084 0.036812 0.088337
0 0.797477 0.131311 0.032859 0.091241
0 0.500563 0.126698 0.020750 0.102717
0 0.920484 0.115796 0.023531 0.134028
0 0.598914 0.282049 0.019141 0.115621
0 0.641367 0.282541 0.022891 0.113372
0 0.672781 0.122190 0.011437 0.122178
0 0.727344 0.189696 0.479687 0.318501