0 0.477010 0.459040 0.022100 0.116907
0 0.500860 0.492947 0.020720 0.060080
0 0.552130 0.456467 0.021620 0.115280
0 0.585690 0.489627 0.018780 0.053600
0 0.529510 0.459493 0.025260 0.114827
0 0.476250 0.312720 0.026540 0.119840
0 0.498840 0.309027 0.028200 0.117413
0 0.523450 0.316413 0.022100 0.107920
0 0.542800 0.313520 0.018560 0.111413
0 0.650050 0.323107 0.025100 0.135120
0 0.608090 0.458093 0.020380 0.111600
0 0.618000 0.423987 0.009080 0.046587
0 0.461840 0.461347 0.017160 0.120293
0 0.476000 0.425333 0.896000 0.648000