0 0.292883 0.541776 0.050359 0.193012
0 0.248875 0.574188 0.038812 0.143812
0 0.193469 0.596553 0.043688 0.155082
0 0.080570 0.633200 0.089297 0.206071
0 0.708773 0.393224 0.032859 0.103200
0 0.434422 0.496400 0.038000 0.122824
0 0.223367 0.588318 0.036234 0.127271
0 0.689992 0.487906 0.019297 0.087153
0 0.256141 0.483118 0.050031 0.129859
0 0.657367 0.496718 0.021609 0.066047
0 0.735227 0.452741 0.041297 0.154894
0 0.145047 0.617412 0.070563 0.165600
0 0.690422 0.455624 0.039406 0.123953
0 0.413281 0.568235 0.710938 0.430588