0 0.175711 0.194142 0.049886 0.163350
0 0.126054 0.197533 0.043186 0.140163
0 0.200123 0.198538 0.040474 0.150147
0 0.656585 0.488121 0.018954 0.066340
0 0.955752 0.509020 0.027876 0.050196
0 0.907353 0.506324 0.028301 0.039510
0 0.884248 0.494428 0.019183 0.062647
0 0.705441 0.485351 0.013791 0.069690
0 0.095417 0.158301 0.040212 0.110098
0 0.650850 0.489542 0.081961 0.064150
0 0.046642 0.185915 0.049330 0.141111
0 0.927843 0.502100 0.025261 0.047369
0 0.081699 0.214828 0.030490 0.085572
0 0.094771 0.227941 0.019608 0.057190