0 0.694000 0.759623 0.037760 0.176596
0 0.342170 0.747681 0.036700 0.150783
0 0.361560 0.692003 0.030200 0.148464
0 0.393010 0.610738 0.023780 0.110813
0 0.606020 0.540964 0.022080 0.066506
0 0.415190 0.513810 0.019340 0.089849
0 0.612970 0.682334 0.030980 0.139970
0 0.603800 0.511416 0.020800 0.047108
0 0.432530 0.474337 0.013620 0.069398
0 0.617900 0.484096 0.010360 0.049036
0 0.596060 0.455994 0.016600 0.058675
0 0.609390 0.619473 0.032140 0.136235
0 0.604410 0.473419 0.013020 0.030030
0 0.517000 0.465361 0.214000 0.171687