0 0.053336 0.773428 0.023266 0.081298
0 0.076102 0.778108 0.021828 0.072084
0 0.096750 0.790219 0.021625 0.057733
0 0.033961 0.772505 0.019203 0.081792
0 0.069797 0.639954 0.025781 0.079689
0 0.264039 0.628373 0.020797 0.060841
0 0.094391 0.639598 0.021844 0.071261
0 0.415820 0.633739 0.020922 0.045064
0 0.466789 0.632843 0.020109 0.049671
0 0.044398 0.636234 0.025672 0.084168
0 0.287867 0.630174 0.025328 0.053108
0 0.492758 0.633090 0.019266 0.050530
0 0.045805 0.874570 0.015422 0.066874
0 0.228906 0.760512 0.457813 0.398537